0 1 40.0987858029 45.8108740298
0 2 9.9131033916 27.3072109654
0 3 4.87287487597 7.89155861349
3 4 36.7730949903 35.773558495
3 5 33.7847479919 40.3647341075
4 6 42.1629285433 26.6491622647
4 7 8.30221554399 48.1575381947
5 8 7.62446192525 21.785012854
5 9 27.309661195 26.8932571852
5 10 33.0045169784 40.9739840473
6 11 15.9906496393 43.165405089
7 12 35.3338765569 0.743784634077
7 13 40.2718961825 36.8400666528
10 14 42.8379395801 42.8184474047
10 15 13.7662562004 40.1397918266
10 16 0.886375141288 15.6448450697
13 17 1.68959983377 13.7876842182
13 18 41.014348471 19.2972998271
14 19 3.87444961451 28.3881780672
14 20 10.1956710097 27.8789765489
15 21 2.51904146228 4.41487245097
15 22 10.9669215138 16.6693639516
15 23 8.49255482564 32.9339725927
16 24 26.6445381361 49.059174749
17 25 39.9909984177 20.4446248769
17 26 37.4045155459 5.37579414678
18 27 15.0825357048 6.00277553138
19 28 1.95121400241 20.4028073349
19 29 5.83490775298 37.8094344803
20 30 17.2840949655 3.78836758009
22 31 44.7761012628 1.70211306643
22 32 47.1617226792 11.6574676153
22 33 27.9370445568 44.143559392
23 34 35.7461409246 34.3190310696
24 35 43.2741150615 15.2386204672
24 36 16.845093544 5.68640074879
25 37 30.9297422241 33.5888999421
25 38 7.97084559925 18.5811334178
26 39 27.9555935384 35.5527153946
26 40 17.5000024102 32.5822295129
27 41 32.9511594416 4.78035356151
28 42 30.3228724186 2.91342858232
28 43 31.5951201133 28.3473794672
29 44 38.3214589753 43.4271003116
29 45 44.8939556009 21.1449189638
30 46 35.8161974319 20.0081674849
31 47 49.7486386919 44.7780203622
31 48 10.5675429337 21.5023823676
31 49 6.19704793133 2.16441505356
32 50 41.3092441067 20.3273871887
32 51 33.6947356058 19.386269081
33 52 11.9005131747 12.4287894386
34 53 3.3490269333 7.23121508676
35 54 12.9585688418 6.10666607928
35 55 45.4457718634 27.5126214351
35 56 43.1871810799 20.4814979416
36 57 20.5094443483 44.1510415592
37 58 13.7478478655 46.3363552973
37 59 5.03650541232 17.6687105357
39 60 19.077506746 42.762572695
39 61 15.6111694961 12.6341637458
39 62 17.0502986673 33.4304188697
42 63 9.58372920318 22.4532205264
42 64 45.3346013907 24.7463164579
43 65 20.759036141 41.0159508671
43 66 45.9199389487 35.8882058211
44 67 33.2116800316 29.6349800506
44 68 41.8827820119 48.0839136713
46 69 23.4932354342 8.99687227666
47 70 5.2330167407 9.86128160105
48 71 47.3536888494 32.6441117785
49 72 1.67699478596 29.2886490394
49 73 36.0487295424 41.6312829995
50 74 2.58505098328 35.8470279795
50 75 7.22710480151 2.45768491171
50 76 20.3014675484 46.6551203936
51 77 22.6986158591 30.7526920824
51 78 1.09028273426 5.60406644895
53 79 38.203399896 2.49958222543
53 80 14.8363144813 1.06696456457
54 81 38.9085248285 11.771493414
55 82 1.46763224503 10.0872369603
55 83 4.14209421377 37.1177365883
55 84 38.4103726266 15.3643870375
56 85 22.8081947533 9.95528105878
56 86 18.1914246853 12.5898067749
57 87 37.9305670614 3.53502907124
58 88 40.1640014625 48.8031464189
58 89 34.2074366456 44.1700414465
58 90 36.2759618109 36.0693907942
59 91 47.7607838358 4.31951549652
59 92 20.6283955684 0.100779964493
59 93 45.5645885783 7.89884077266
60 94 3.64236949779 32.5356324809
60 95 37.3909525174 46.7055092268
62 96 24.4511992791 24.1919387125
62 97 7.38347966498 15.8587297817
65 98 13.2407746938 12.2216472022
65 99 30.0113801843 48.9016941129
65 100 17.4992388925 35.1214521006
66 101 14.9437940537 49.7137771302
66 102 45.3951216613 24.1507469697
67 103 24.5568201039 19.3689594575
70 104 5.15760870616 27.0340719166
70 105 16.0204669646 29.0159698422
71 106 12.1241343038 25.3907451181
72 107 45.0878090486 12.5801172144
72 108 37.6674738528 13.2731850645
72 109 30.0836241535 33.901649282
74 110 10.6368444732 37.1453963349
74 111 7.32050566485 5.88287237885
75 112 11.3123149954 15.2174999138
75 113 40.1211039262 6.96375930843
75 114 26.0406021354 2.97809440233
76 115 25.7714431676 13.3615335532
76 116 37.1670035933 9.27090942472
77 117 48.5658037367 5.43276703182
77 118 9.57098077454 26.7925611698
78 119 31.7300174963 47.4003593841
78 120 13.7526125671 11.221103262
79 121 24.5203620924 14.6900317513
81 122 15.4482991177 26.9264394212
81 123 29.1835866938 40.0150636205
82 124 44.8644353825 49.9257199151
86 125 25.6965818726 30.5741916865
86 126 28.5406249534 20.8202195805
87 127 34.7427528023 2.52526327798
87 128 35.8238513168 28.4581065826
88 129 14.2888814047 10.1785002105
89 130 24.0889418616 18.3865525208
89 131 29.4577749681 49.943258018
89 132 44.4317827948 9.27734132083
90 133 41.0719016705 41.0866014667
90 134 11.0357937819 18.1500376947
92 135 0.633070621107 42.4376680106
92 136 24.7495754866 10.489045138
92 137 48.3756999878 17.3125918292
94 138 41.270636131 40.9001269297
94 139 4.23991865529 46.5982187527
98 140 46.6943423452 1.56587658661
101 141 4.45385897381 8.4281266586
101 142 13.228396329 13.5087728034
104 143 46.0226244526 7.60767492263
106 144 5.98032322575 16.037682067
106 145 25.3564230777 42.8185377226
106 146 34.3746310027 25.9298096276
107 147 37.5515307538 42.2302832095
107 148 31.6595570994 26.8213709914
107 149 16.8647695507 6.61396659316
108 150 27.9403469114 28.8696852548
108 151 35.2876909551 32.2706483035
108 152 11.3624054081 33.8215018012
110 153 8.15964857305 17.1210394638
111 154 40.011508624 36.6301721331
112 155 25.3678254561 43.0503832811
113 156 15.6110884334 48.3942597531
114 157 5.82513725508 32.409983626
115 158 30.0465985482 40.5938118505
117 159 13.462251615 0.971028843681
117 160 23.4904053323 5.26787991749
117 161 27.6347215361 48.2548557796
118 162 0.909413669716 26.3715797329
118 163 22.8471485358 18.831788169
119 164 35.6220481041 28.8814058499
123 165 20.8576130444 9.92799189829
123 166 36.5878683467 25.3154483383
123 167 4.79214386358 6.08735684187
124 168 24.7550267752 11.4914522838
124 169 14.5558684122 0.25857901231
124 170 0.0654722122856 12.0349433604
125 171 14.2309501189 18.5239591936
125 172 24.9511399571 15.5880924824
125 173 28.6377207354 6.83766982591
126 174 39.9041191131 37.1829069114
127 175 12.3716767179 41.5118182392
128 176 21.3677261674 21.7687509945
128 177 29.1251298869 17.2081724992
128 178 22.4662077192 49.9625892045
129 179 17.1867775995 2.52863883387
130 180 7.65358613962 44.873171813
131 181 23.5959447768 5.84458565197
131 182 38.4283984053 32.7029120274
131 183 9.15271773469 32.210712659
132 184 15.4959845117 23.4226751143
132 185 8.53235693469 43.7482603879
133 186 46.166196043 0.60168765178
133 187 3.75811444548 7.71700769816
133 188 44.4171554898 22.2808577075
134 189 16.835835001 11.1982449182
136 190 31.9318764055 37.3228408922
137 191 9.82676417248 40.1293431682
137 192 3.30517841439 26.6546866906
137 193 31.5671125385 43.677885369
139 194 3.48807965629 24.7818439477
140 195 34.6604312439 43.6087418921
142 196 20.5324061601 18.7142604714
143 197 31.7744518182 47.1407932474
144 198 40.4721787192 49.5102292723
145 199 23.8399461652 32.8918017123
145 200 31.0419088071 31.8042828458
147 201 22.6952178622 42.6213970759
147 202 20.1968535414 32.5546738434
148 203 48.1965824477 7.15757162209
148 204 39.7446370138 16.2707243643
148 205 46.6048070389 39.6117221378
149 206 21.557610619 0.250361397553
149 207 37.6384099932 34.3494476566
149 208 8.51958966018 26.3850796851
151 209 49.8052496156 7.13748415457
151 210 16.0608060453 14.8971628328
152 211 10.3901103367 17.5785887713
152 212 45.8283439678 4.55048150564
152 213 2.94203556121 37.0777004054
153 214 44.8072127884 48.919019674
154 215 26.2997337455 24.0893286
154 216 47.2575228819 1.44315837647
155 217 29.0777212664 25.694579781
155 218 33.9670880021 22.2337893955
155 219 12.9347511082 0.356566664074
156 220 10.0426927581 49.3805018112
157 221 9.56681079757 32.6515323866
157 222 13.7191857395 6.66895776417
158 223 11.3103054466 34.1937017629
159 224 10.7776927672 11.8632644972
159 225 47.3887326296 0.691906502816
160 226 2.58438512747 42.2889337914
160 227 35.0324978647 25.3970123255
161 228 2.23638000166 44.2320184349
162 229 47.0186811085 24.5020778651
163 230 41.7802983375 3.85940165474
163 231 38.7758695917 34.160357877
163 232 41.2679702101 3.54403440034
165 233 47.8576080609 28.10964623
165 234 34.7367216292 19.8059536951
166 235 9.96238338873 28.4261224591
167 236 46.1456249328 12.3584769381
169 237 48.6937680583 5.98855198771
170 238 12.3484257868 30.0091375659
170 239 47.2543409998 27.7564012117
170 240 22.292444448 16.4157826073
173 241 22.1441201495 28.734912549
173 242 10.7216951724 19.1012457654
174 243 26.1964898907 44.4740451856
174 244 26.0105081166 6.89897517052
175 245 21.8687095117 8.07323712131
176 246 29.8616674621 19.494177214
176 247 1.27206958762 28.9216756268
176 248 16.8769119227 8.06268158518
178 249 6.78183825305 27.8976866304
178 250 23.411547253 14.2983373443
178 251 28.4560775381 26.1854911699
180 252 7.42435209602 17.1748149443
180 253 38.2696486286 47.7410390905
180 254 15.1406733742 49.006273483
181 255 23.0789203074 6.87775990686
182 256 40.373321535 23.8722339516
182 257 35.8165558772 33.5774057437
182 258 12.941919037 40.0738788327
183 259 10.5851615471 37.4088377209
183 260 14.823957061 40.9524132687
184 261 21.9135734317 29.7355958601
185 262 26.7996182758 39.6258024493
185 263 39.5472868288 22.6409346103
186 264 22.7113968501 12.1389132768
186 265 28.2411965498 33.372178797
188 266 25.4387522467 17.2477758762
188 267 37.7689404397 23.4564027664
189 268 4.84731069275 33.6064273962
189 269 47.3235436836 3.43627325228
189 270 36.4306309252 8.38037031751
190 271 11.6733178177 31.105204331
190 272 48.7414601148 16.0671225741
190 273 46.77394804 35.0163267918
192 274 26.847840626 45.4412267223
192 275 39.059173781 15.7557291134
192 276 36.7326139693 1.11454608956
193 277 3.96277905339 42.5896666581
193 278 1.66701262305 36.303459025
194 279 26.2688323491 32.9074112056
194 280 20.7987009093 30.8184469504
194 281 4.96871952033 9.59867472103
195 282 13.1174021779 8.48764875718
195 283 30.0173951965 34.821009087
195 284 31.4870725304 2.01214615727
197 285 8.07617696132 9.55873975341
198 286 14.7090327574 31.9192994927
199 287 5.2426801461 1.42905989603
199 288 33.2178883604 36.6314304672
