1.671 1 5.826420 7.558068
20.202 2 6.440755 33.871454
52.792 3 43.359658 16.832244
69.984 4 3.424022 49.801527
35.110 5 18.583797 22.639012
63.828 6 11.986809 25.095358
69.892 7 38.314887 38.927857
79.007 8 46.744870 46.445358
54.953 9 8.273125 25.717682
36.758 10 18.406922 48.765504
49.363 11 15.135548 22.428473
72.231 12 2.541634 38.955125
60.815 13 16.409389 34.448358
67.874 14 0.756692 28.593697
45.646 15 3.123062 41.788829
74.409 16 17.815088 13.474913
17.445 17 33.590851 47.734107
79.267 18 2.184282 11.323535
15.149 19 38.995598 16.553070
6.133 20 9.053563 39.439990
11.176 21 32.518921 27.392071
50.698 22 20.051890 6.522540
45.382 23 6.449520 19.700605
79.200 24 9.934275 15.431198
33.281 25 37.190093 20.826636
11.863 26 32.896328 29.272801
35.816 27 11.328543 5.742221
16.376 28 38.724586 13.624585
1.197 29 21.536742 32.338906
54.580 30 30.116422 26.072986
54.578 31 38.187919 11.767245
63.552 32 4.559351 12.581814
42.074 33 27.538527 39.707847
51.627 34 5.999866 18.252158
32.100 35 6.461410 23.828669
63.712 36 6.877102 13.686482
7.774 37 0.469896 33.671047
17.490 38 33.413359 8.558472
52.288 39 42.391942 41.950346
49.002 40 13.407543 42.293537
73.760 41 32.385889 6.548249
77.044 42 18.304902 40.699415
17.166 43 43.744401 8.162988
6.871 44 29.037540 21.474495
24.926 45 22.899893 27.663936
71.849 46 20.378063 21.638372
61.777 47 21.720485 31.299158
38.459 48 44.301881 16.772145
8.392 49 2.435480 12.127823
37.353 50 46.180858 32.662382
61.121 51 3.679861 44.263670
66.324 52 17.921069 11.498585
52.616 53 46.797921 14.991050
73.945 54 48.985936 44.031333
58.063 55 7.580969 45.148957
63.252 56 5.490665 49.359970
62.666 57 7.016408 19.135153
0.951 58 36.439902 41.847312
6.682 59 27.852675 35.175925
68.294 60 8.359006 7.756024
58.723 61 33.022576 28.893731
47.027 62 2.344300 25.871772
58.295 63 37.619424 6.522289
65.465 64 1.747431 36.895168
18.903 65 12.520578 4.691271
42.601 66 39.486638 23.160955
47.396 67 35.362114 13.673105
28.282 68 36.584516 9.069746
52.904 69 35.729572 3.864627
20.880 70 47.705207 45.634839
46.079 71 49.759735 38.655490
28.854 72 15.143170 18.335260
31.679 73 29.203702 49.428838
18.995 74 3.692472 27.241259
10.862 75 25.556957 6.383898
25.550 76 48.133978 3.047087
16.847 77 16.766233 44.315744
10.615 78 44.364770 49.776082
59.334 79 33.003868 33.152365
8.044 80 10.828430 13.655499
29.614 81 5.706621 34.661891
19.151 82 46.342271 0.842130
77.427 83 14.910117 31.877949
51.575 84 21.096620 22.516612
21.653 85 9.581072 33.336102
19.651 86 39.220020 24.632525
45.736 87 2.292913 29.727863
19.113 88 10.102629 17.956371
36.347 89 2.948968 11.182164
36.344 90 43.891910 49.107519
25.413 91 34.525189 23.771472
76.083 92 23.079839 42.469342
45.427 93 1.589582 44.912601
17.235 94 18.356642 26.315240
43.864 95 45.188487 13.430002
21.670 96 36.372235 6.454273
54.317 97 9.500008 31.162751
68.044 98 43.008735 21.622610
14.603 99 5.707899 30.792174
56.567 100 34.781222 24.084780
30.096 101 37.943397 27.978332
11.336 102 44.363408 10.311835
1.852 103 39.333003 47.241927
6.290 104 23.756739 44.844765
