0.01 25
0.02 25
0.03 25
0.04 25
0.05 25
0.06 25
0.07 25
0.08 25
0.09 25
0.1 25
0.11 25
0.12 25
0.13 25
0.14 25
0.15 25
0.16 25
0.17 25
0.18 25
0.19 25
0.2 25
0.21 25
0.22 25
0.23 25
0.24 25
0.25 25
0.26 25
0.27 25
0.28 25
0.29 25
0.3 25
0.31 25
0.32 25
0.33 25
0.34 25
0.35 25
0.36 25
0.37 25
0.38 25
0.39 25
0.4 25
0.41 25
0.42 25
0.43 25
0.44 25
0.45 25
0.46 25
0.47 25
0.48 25
0.49 25
0.5 25
0.51 25
0.52 25
0.53 25
0.54 25
0.55 25
0.56 25
0.57 25
0.58 25
0.59 25
0.6 25
0.61 25
0.62 25
0.63 25
0.64 25
0.65 25
0.66 25
0.67 25
0.68 25
0.69 25
0.7 25
0.71 25
0.72 25
0.73 25
0.74 25
0.75 25
0.76 25
0.77 25
0.78 25
0.79 25
0.8 25
0.81 25
0.82 25
0.83 25
0.84 25
0.85 25
0.86 25
0.87 25
0.88 25
0.89 25
0.9 25
0.91 25
0.92 25
0.93 25
0.94 25
0.95 25
0.96 25
0.97 25
0.98 25
0.99 25
1.0 25
1.01 25
1.02 25
1.03 25
1.04 25
1.05 25
1.06 25
1.07 25
1.08 25
1.09 25
1.1 25
1.11 25
1.12 25
1.13 25
1.14 25
1.15 25
1.16 25
1.17 25
1.18 25
1.19 25
1.2 25
1.21 25
1.22 25
1.23 25
1.24 25
1.25 25
1.26 25
1.27 25
1.28 25
1.29 25
1.3 25
1.31 25
1.32 25
1.33 25
1.34 25
1.35 25
1.36 25
1.37 25
1.38 25
1.39 25
1.4 25
1.41 25
1.42 25
1.43 25
1.44 25
1.45 25
1.46 25
1.47 25
1.48 25
1.49 25
1.5 25
1.51 25
1.52 25
1.53 25
1.54 25
1.55 25
1.56 25
1.57 25
1.58 25
1.59 25
1.6 25
1.61 25
1.62 25
1.63 25
1.64 25
1.65 25
1.66 25
1.67 25
1.68 25
1.69 25
1.7 25
1.71 25
1.72 25
1.73 25
1.74 25
1.75 25
1.76 25
1.77 25
1.78 25
1.79 25
1.8 25
1.81 25
1.82 25
1.83 25
1.84 25
1.85 25
1.86 25
1.87 25
1.88 25
1.89 25
1.9 25
1.91 25
1.92 25
1.93 25
1.94 25
1.95 25
1.96 25
1.97 25
1.98 25
1.99 25
2.0 25
2.01 25
2.02 25
2.03 25
2.04 25
2.05 25
2.06 25
2.07 25
2.08 25
2.09 25
2.1 25
2.11 25
2.12 25
2.13 25
2.14 25
2.15 25
2.16 25
2.17 25
2.18 25
2.19 25
2.2 25
2.21 25
2.22 25
2.23 25
2.24 25
2.25 25
2.26 25
2.27 25
2.28 25
2.29 25
2.3 25
2.31 25
2.32 25
2.33 25
2.34 25
2.35 25
2.36 25
2.37 25
2.38 25
2.39 25
2.4 25
2.41 25
2.42 25
2.43 25
2.44 25
2.45 25
2.46 25
2.47 25
2.48 25
2.49 25
2.5 25
2.51 25
2.52 25
2.53 25
2.54 25
2.55 25
2.56 25
2.57 25
2.58 25
2.59 25
2.6 25
2.61 25
2.62 25
2.63 25
2.64 25
2.65 25
2.66 25
2.67 25
2.68 25
2.69 25
2.7 25
2.71 25
2.72 25
2.73 25
2.74 25
2.75 25
2.76 25
2.77 25
2.78 25
2.79 25
2.8 25
2.81 25
2.82 25
2.83 25
2.84 25
2.85 25
2.86 25
2.87 25
2.88 25
2.89 25
2.9 25
2.91 25
2.92 25
2.93 25
2.94 25
2.95 25
2.96 25
2.97 25
2.98 25
2.99 25
3.0 25
3.01 25
3.02 25
3.03 25
3.04 25
3.05 25
3.06 25
3.07 25
3.08 25
3.09 25
3.1 25
3.11 25
3.12 25
3.13 25
3.14 25
3.15 25
3.16 25
3.17 25
3.18 25
3.19 25
3.2 25
3.21 25
3.22 25
3.23 25
3.24 25
3.25 25
3.26 25
3.27 25
3.28 25
3.29 25
3.3 25
3.31 25
3.32 25
3.33 25
3.34 25
3.35 25
3.36 25
3.37 25
3.38 25
3.39 25
3.4 25
3.41 25
3.42 25
3.43 25
3.44 25
3.45 25
3.46 25
3.47 25
3.48 25
3.49 25
3.5 25
3.51 25
3.52 25
3.53 25
3.54 25
3.55 25
3.56 25
3.57 25
3.58 25
3.59 25
3.6 25
3.61 25
3.62 25
3.63 25
3.64 25
3.65 25
3.66 25
3.67 25
3.68 25
3.69 25
3.7 25
3.71 25
3.72 25
3.73 25
3.74 25
3.75 25
3.76 25
3.77 25
3.78 25
3.79 25
3.8 25
3.81 25
3.82 25
3.83 25
3.84 25
3.85 25
3.86 25
3.87 25
3.88 25
3.89 25
3.9 25
3.91 25
3.92 25
3.93 25
3.94 25
3.95 25
3.96 25
3.97 25
3.98 25
3.99 25
4.0 25
4.01 25
4.02 25
4.03 25
4.04 25
4.05 25
4.06 25
4.07 25
4.08 25
4.09 25
4.1 25
4.11 25
4.12 25
4.13 25
4.14 25
4.15 25
4.16 25
4.17 25
4.18 25
4.19 25
4.2 25
4.21 25
4.22 25
4.23 25
4.24 25
4.25 25
4.26 25
4.27 25
4.28 25
4.29 25
4.3 25
4.31 25
4.32 25
4.33 25
4.34 25
4.35 25
4.36 25
4.37 25
4.38 25
4.39 25
4.4 25
4.41 25
4.42 25
4.43 25
4.44 25
4.45 25
4.46 25
4.47 25
4.48 25
4.49 25
4.5 25
4.51 25
4.52 25
4.53 25
4.54 25
4.55 25
4.56 25
