0 1 35.713695 14.127574
0 2 40.210163 13.300708
0 3 13.473774 10.110818
1 4 31.144260 39.656602
2 5 35.333045 34.166752
3 6 30.022001 6.662619
3 7 44.667527 13.652467
4 8 6.707875 42.464746
5 9 48.768167 12.043367
5 10 45.802725 24.462446
5 11 17.969510 29.210364
6 12 15.707604 28.309810
6 13 12.490273 22.052248
7 14 25.512993 42.787362
8 15 37.887911 22.110583
8 16 24.210466 47.288023
8 17 1.419754 22.825996
9 18 15.663404 12.163865
9 19 32.240361 31.923268
10 20 24.075395 44.522854
11 21 5.652860 21.812731
13 22 14.057066 36.427249
14 23 40.106140 10.469833
14 24 4.677261 49.262125
17 25 9.483605 6.568117
17 26 14.495972 38.234437
18 27 35.822790 46.691355
18 28 33.830820 7.587561
18 29 9.408560 36.966374
19 30 39.559627 1.897964
19 31 25.206264 4.195849
19 32 48.849637 14.599939
20 33 9.439616 47.466654
20 34 0.323116 2.076676
21 35 34.630546 44.905471
21 36 18.084100 39.239301
22 37 22.319355 0.497640
22 38 46.146478 19.783723
22 39 27.555723 37.337516
24 40 49.718959 25.723293
24 41 36.813374 15.500372
24 42 22.604678 11.277824
25 43 43.297718 19.692782
25 44 26.886901 4.240047
26 45 29.925766 48.242633
26 46 45.197533 16.623471
27 47 27.781292 6.835157
27 48 42.047996 48.138002
27 49 18.835443 16.652764
28 50 31.866752 26.571971
28 51 12.340554 24.355221
29 52 36.544459 25.190379
29 53 43.470317 1.316201
30 54 39.531168 35.731903
30 55 13.892450 41.476227
31 56 26.745250 20.256905
31 57 44.532924 29.694664
33 58 24.624679 26.800437
33 59 31.458417 19.402961
34 60 25.186397 37.864304
34 61 33.426323 12.837533
34 62 36.748746 8.654861
35 63 42.188056 23.244557
35 64 36.048692 32.694298
36 65 2.871386 47.319950
38 66 22.049057 48.280952
39 67 46.443080 36.819131
41 68 46.422739 14.069543
41 69 3.511967 23.057667
42 70 42.537770 47.159804
42 71 3.555650 7.758600
42 72 38.702739 17.867656
44 73 22.447903 25.963980
44 74 9.743732 6.377560
45 75 35.453833 8.743663
45 76 15.025821 32.792226
45 77 25.743223 44.099350
46 78 5.050424 29.140856
46 79 18.231779 13.078072
47 80 3.132641 33.356440
48 81 7.048384 35.623818
49 82 31.116884 48.840588
49 83 37.291919 30.305008
50 84 49.928904 26.823183
50 85 14.653886 6.291405
50 86 25.188853 37.785938
51 87 17.261903 12.033585
51 88 29.833193 49.760096
52 89 12.813625 34.109705
52 90 24.881260 34.220993
54 91 3.106926 16.889368
55 92 8.001224 46.766528
55 93 20.589972 5.341674
56 94 12.742242 26.977321
56 95 35.051874 44.662057
57 96 8.883725 6.177191
59 97 31.888560 20.498511
59 98 5.407505 38.213158
59 99 20.008494 40.076686
60 100 27.061469 3.551781
60 101 22.376750 22.716321
62 102 12.463406 24.575178
62 103 9.037579 22.360528
62 104 44.030473 36.016029
64 105 5.515732 3.736034
65 106 21.565056 25.126328
66 107 9.885827 24.328885
66 108 22.892448 6.492993
66 109 40.853412 30.023502
67 110 1.905069 45.111500
68 111 35.339514 15.051008
68 112 15.183528 30.017613
68 113 8.040137 12.768148
69 114 11.294923 10.146021
69 115 1.279808 27.104000
71 116 7.580366 42.055168
71 117 44.706274 29.310719
71 118 2.182225 8.926241
72 119 36.579207 37.384828
72 120 41.475799 2.348280
72 121 23.884328 18.482295
73 122 15.983550 40.875117
73 123 30.107647 32.059874
73 124 48.581068 13.442364
75 125 44.150685 32.162713
77 126 46.057602 49.005701
80 127 43.213989 44.378130
80 128 1.022036 27.489957
80 129 29.821147 34.912589
81 130 6.747289 19.892063
81 131 45.283939 5.222724
81 132 20.445398 38.137829
82 133 5.490328 12.854149
82 134 44.988189 15.520253
83 135 13.310415 0.912057
83 136 2.085828 22.338142
83 137 25.335053 5.746102
84 138 30.738546 17.701909
84 139 10.579307 44.602946
84 140 19.465906 35.955315
85 141 12.027620 48.120959
85 142 25.738203 18.080234
85 143 26.423793 7.663379
86 144 47.372957 47.210242
86 145 32.144927 48.710549
88 146 3.451544 25.042708
88 147 15.472958 40.981122
88 148 1.821883 47.508814
89 149 31.137484 41.405074
90 150 0.127076 33.853665
91 151 3.831444 14.848516
91 152 20.166471 10.304951
92 153 6.179607 27.926397
92 154 10.697283 9.509634
92 155 3.608233 12.443939
93 156 28.428251 28.382129
93 157 48.215149 6.293819
94 158 39.433117 33.784490
96 159 19.223904 48.546406
98 160 7.404703 49.133486
98 161 9.919328 16.195957
98 162 27.110719 40.374602
100 163 33.840467 14.208962
100 164 21.322311 35.441251
100 165 26.448452 10.252372
101 166 36.200765 2.897887
101 167 11.430772 7.049045
103 168 39.877149 17.808146
104 169 29.018237 39.797039
105 170 49.198136 38.265814
106 171 28.824622 47.598211
108 172 13.338431 43.107822
108 173 2.412508 41.693000
108 174 17.026287 7.072721
111 175 23.945407 6.607336
113 176 23.321228 40.427347
114 177 27.891193 12.899230
115 178 23.587777 27.872599
116 179 42.869431 31.785930
116 180 45.753117 5.206420
117 181 41.332825 47.517606
117 182 16.282263 32.458519
118 183 32.247633 33.628671
118 184 48.865834 24.045558
118 185 6.835735 26.457581
119 186 13.737107 7.442240
119 187 33.976978 24.388091
120 188 19.492309 32.832320
120 189 16.394098 33.777519
121 190 30.023389 36.446884
122 191 2.868219 22.528693
122 192 47.376163 41.795337
123 193 23.945393 39.237939
124 194 33.992532 7.251490
124 195 32.284256 21.097971
125 196 7.788244 45.454702
125 197 20.647194 33.969690
125 198 20.533620 32.279290
126 199 20.886383 21.870690
126 200 43.675939 5.640445
126 201 37.397517 20.912977
127 202 20.892258 0.508261
128 203 42.303766 13.149007
128 204 8.064820 35.146877
128 205 31.736064 38.718890
130 206 47.474910 32.712210
130 207 49.115611 1.988018
130 208 43.566952 9.455764
132 209 8.568799 21.319664
132 210 8.356255 41.131163
133 211 43.031460 15.281358
133 212 1.831913 41.284161
133 213 22.229423 46.137771
136 214 18.145170 28.506858
136 215 40.497809 9.315998
136 216 16.410414 34.952911
137 217 34.586277 48.921082
137 218 24.476147 20.198250
138 219 11.720642 4.200870
139 220 27.210407 3.343757
139 221 6.636859 14.109972
140 222 48.599729 27.668626
140 223 14.142270 43.780267
141 224 27.976705 10.886948
141 225 5.420237 26.088987
141 226 27.141393 36.012607
147 227 37.258865 41.165301
148 228 42.088227 8.466686
148 229 18.123418 15.396872
149 230 43.613555 39.156521
149 231 10.649756 48.485325
149 232 17.708306 37.356023
152 233 6.622663 9.250948
153 234 12.651535 5.863193
154 235 36.971536 41.439016
154 236 48.604899 47.853328
154 237 10.837968 20.410884
155 238 2.831751 35.959415
155 239 36.045754 27.963244
163 240 39.867908 35.993532
163 241 47.359159 27.867856
164 242 42.905512 29.083141
164 243 27.186143 28.372018
165 244 0.993941 35.338464
166 245 22.905675 43.796980
166 246 39.821828 11.582285
166 247 16.959890 40.491027
167 248 22.324075 13.606381
168 249 35.525358 0.870689
168 250 48.933024 28.595788
169 251 22.892141 20.456835
171 252 26.681139 23.093036
171 253 31.165510 16.331982
171 254 38.378746 20.669428
172 255 47.146542 22.390050
172 256 12.706797 49.495323
173 257 0.020651 42.491929
173 258 44.017917 2.643282
174 259 18.925754 25.204701
174 260 3.883251 17.740842
176 261 11.097120 42.798138
176 262 49.275072 11.511120
176 263 26.286778 26.136778
177 264 47.393394 23.534884
177 265 1.394992 35.580036
177 266 37.231433 8.970671
178 267 21.784648 42.463397
178 268 32.000729 40.476078
178 269 38.279823 23.294969
179 270 48.298723 46.703613
180 271 18.008256 0.713954
181 272 34.514463 2.411209
183 273 46.613853 15.439780
183 274 26.329514 39.345294
183 275 29.539537 3.797959
184 276 11.471310 7.786897
186 277 49.640387 24.328555
187 278 17.571969 8.781212
187 279 45.254538 20.527792
187 280 2.483915 3.018877
188 281 29.284681 23.401372
189 282 0.876240 4.303309
189 283 10.145213 19.324683
190 284 33.093299 33.279702
192 285 10.605101 21.105134
192 286 21.097739 45.433906
193 287 27.585502 39.678176
193 288 10.714075 45.280576
194 289 1.002069 34.069974
194 290 20.761925 22.336259
195 291 48.802360 39.429129
195 292 9.028103 11.703956
197 293 12.439385 31.859351
199 294 41.811290 14.190164
199 295 47.089174 34.911927
199 296 32.673140 8.264429
